# Image: test_photos/w3_full_13_13.jpg
# Number of points: 41
261.010404, 367.028557
268.991970, 365.577363
279.875925, 352.516618
286.648164, 347.921170
292.452940, 347.921170
305.755551, 352.032886
311.802192, 349.614230
316.881371, 348.163036
321.718685, 342.600126
325.346669, 336.553484
331.151445, 336.553484
332.844505, 342.600126
336.472490, 345.744379
335.988759, 350.581693
338.891146, 353.484080
338.891146, 359.288856
334.053833, 364.368035
335.746893, 374.526393
336.472490, 382.507960
340.342340, 387.587139
339.616743, 405.968929
335.263162, 409.355048
328.732789, 415.159824
325.588535, 421.690197
325.588535, 434.267211
325.588535, 447.327957
324.862938, 456.760718
330.425848, 463.774822
334.779430, 467.160941
339.858609, 470.788926
345.663385, 472.965717
352.193758, 468.612135
358.482265, 466.677210
356.305474, 471.272657
356.789205, 477.803030
360.175325, 484.817134
365.738235, 488.203254
372.026742, 490.138179
374.687264, 495.217358
380.250175, 497.152283
