# Image: frames/w3_full_13_13/w3_full_13_13.jpg
# Number of points: 68
944.287500, 1047.111111
940.062500, 1051.333333
937.950000, 1053.444444
931.612500, 1055.555556
921.050000, 1057.666667
904.150000, 1057.666667
891.475000, 1057.666667
878.800000, 1055.555556
864.012500, 1057.666667
840.775000, 1057.666667
830.212500, 1059.777778
819.650000, 1057.666667
806.975000, 1051.333333
794.300000, 1045.000000
785.850000, 1034.444444
771.062500, 1028.111111
758.387500, 1017.555556
754.162500, 1007.000000
749.937500, 998.555556
752.050000, 992.222222
758.387500, 988.000000
758.387500, 983.777778
749.937500, 983.777778
741.487500, 988.000000
733.037500, 994.333333
722.475000, 994.333333
705.575000, 983.777778
692.900000, 971.111111
686.562500, 958.444444
686.562500, 943.666667
688.675000, 924.666667
686.562500, 901.444444
690.787500, 882.444444
697.125000, 871.888889
705.575000, 863.444444
716.137500, 859.222222
718.250000, 846.555556
718.250000, 825.444444
714.025000, 808.555556
709.800000, 795.888889
707.687500, 785.333333
705.575000, 776.888889
709.800000, 762.111111
714.025000, 757.888889
714.025000, 747.333333
709.800000, 738.888889
709.800000, 728.333333
703.462500, 722.000000
699.237500, 711.444444
692.900000, 709.333333
688.675000, 709.333333
682.337500, 717.777778
676.000000, 724.111111
669.662500, 730.444444
665.437500, 734.666667
659.100000, 736.777778
654.875000, 738.888889
631.637500, 741.000000
623.187500, 738.888889
612.625000, 734.666667
602.062500, 736.777778
595.725000, 738.888889
591.500000, 743.111111
585.162500, 749.444444
578.825000, 757.888889
570.375000, 766.333333
559.812500, 770.555556
553.475000, 770.555556
