# Image: frames/w3_full_low_f47533/w3_full_low_f47533.jpg
# Number of points: 47
1504.100000, 886.666667
1512.550000, 878.222222
1512.550000, 869.777778
1510.437500, 855.000000
1514.662500, 842.333333
1527.337500, 838.111111
1546.350000, 831.777778
1561.137500, 819.111111
1559.025000, 810.666667
1556.912500, 789.555556
1556.912500, 772.666667
1559.025000, 751.555556
1559.025000, 728.333333
1554.800000, 713.555556
1544.237500, 696.666667
1550.575000, 686.111111
1550.575000, 673.444444
1542.125000, 673.444444
1533.675000, 677.666667
1521.000000, 671.333333
1518.887500, 658.666667
1510.437500, 652.333333
1512.550000, 641.777778
1506.212500, 629.111111
1495.650000, 624.888889
1485.087500, 616.444444
1474.525000, 608.000000
1459.737500, 608.000000
1459.737500, 614.333333
1457.625000, 620.666667
1447.062500, 618.555556
1442.837500, 622.777778
1434.387500, 627.000000
1432.275000, 635.444444
1434.387500, 646.000000
1430.162500, 656.555556
1417.487500, 652.333333
1409.037500, 650.222222
1402.700000, 652.333333
1392.137500, 648.111111
1381.575000, 648.111111
1385.800000, 656.555556
1375.237500, 660.777778
1362.562500, 652.333333
1360.450000, 641.777778
1354.112500, 635.444444
