# Image: frames/w3_full_13_13/w3_full_13_13.jpg
# Number of points: 51
1894.912500, 363.111111
1890.687500, 365.222222
1890.687500, 371.555556
1888.575000, 373.666667
1884.350000, 377.888889
1880.125000, 382.111111
1878.012500, 384.222222
1878.012500, 390.555556
1875.900000, 396.888889
1873.787500, 401.111111
1871.675000, 407.444444
1871.675000, 411.666667
1873.787500, 415.888889
1871.675000, 420.111111
1869.562500, 422.222222
1865.337500, 424.333333
1863.225000, 426.444444
1863.225000, 430.666667
1863.225000, 434.888889
1863.225000, 437.000000
1865.337500, 441.222222
1863.225000, 443.333333
1863.225000, 447.555556
1867.450000, 449.666667
1875.900000, 449.666667
1880.125000, 447.555556
1886.462500, 443.333333
1892.800000, 441.222222
1897.025000, 439.111111
1901.250000, 443.333333
1905.475000, 445.444444
1909.700000, 443.333333
1907.587500, 437.000000
1905.475000, 430.666667
1903.362500, 424.333333
1903.362500, 418.000000
1907.587500, 418.000000
1913.925000, 415.888889
1916.037500, 415.888889
1916.037500, 409.555556
1916.037500, 403.222222
1918.150000, 399.000000
1920.262500, 396.888889
1922.375000, 394.777778
1922.375000, 390.555556
1920.262500, 386.333333
1916.037500, 382.111111
1909.700000, 380.000000
1905.475000, 377.888889
1899.137500, 373.666667
1897.025000, 367.333333
1894.912500, 363.111111
