# Image: frames/w3_full_13_13/w3_full_13_13.jpg
# Number of points: 68
447.000000, 496.000000
445.000000, 498.000000
444.000000, 499.000000
441.000000, 500.000000
436.000000, 501.000000
428.000000, 501.000000
422.000000, 501.000000
416.000000, 500.000000
409.000000, 501.000000
398.000000, 501.000000
393.000000, 502.000000
388.000000, 501.000000
382.000000, 498.000000
376.000000, 495.000000
372.000000, 490.000000
365.000000, 487.000000
359.000000, 482.000000
357.000000, 477.000000
355.000000, 473.000000
356.000000, 470.000000
359.000000, 468.000000
359.000000, 466.000000
355.000000, 466.000000
351.000000, 468.000000
347.000000, 471.000000
342.000000, 471.000000
334.000000, 466.000000
328.000000, 460.000000
325.000000, 454.000000
325.000000, 447.000000
326.000000, 438.000000
325.000000, 427.000000
327.000000, 418.000000
330.000000, 413.000000
334.000000, 409.000000
339.000000, 407.000000
340.000000, 401.000000
340.000000, 391.000000
338.000000, 383.000000
336.000000, 377.000000
335.000000, 372.000000
334.000000, 368.000000
336.000000, 361.000000
338.000000, 359.000000
338.000000, 354.000000
336.000000, 350.000000
336.000000, 345.000000
333.000000, 342.000000
331.000000, 337.000000
328.000000, 336.000000
326.000000, 336.000000
323.000000, 340.000000
320.000000, 343.000000
317.000000, 346.000000
315.000000, 348.000000
312.000000, 349.000000
310.000000, 350.000000
299.000000, 351.000000
295.000000, 350.000000
290.000000, 348.000000
285.000000, 349.000000
282.000000, 350.000000
280.000000, 352.000000
277.000000, 355.000000
274.000000, 359.000000
270.000000, 363.000000
265.000000, 365.000000
262.000000, 365.000000
