# Image: frames/w3_full_low_f47533/w3_full_low_f47533.jpg
# Number of points: 47
712.000000, 420.000000
716.000000, 416.000000
716.000000, 412.000000
715.000000, 405.000000
717.000000, 399.000000
723.000000, 397.000000
732.000000, 394.000000
739.000000, 388.000000
738.000000, 384.000000
737.000000, 374.000000
737.000000, 366.000000
738.000000, 356.000000
738.000000, 345.000000
736.000000, 338.000000
731.000000, 330.000000
734.000000, 325.000000
734.000000, 319.000000
730.000000, 319.000000
726.000000, 321.000000
720.000000, 318.000000
719.000000, 312.000000
715.000000, 309.000000
716.000000, 304.000000
713.000000, 298.000000
708.000000, 296.000000
703.000000, 292.000000
698.000000, 288.000000
691.000000, 288.000000
691.000000, 291.000000
690.000000, 294.000000
685.000000, 293.000000
683.000000, 295.000000
679.000000, 297.000000
678.000000, 301.000000
679.000000, 306.000000
677.000000, 311.000000
671.000000, 309.000000
667.000000, 308.000000
664.000000, 309.000000
659.000000, 307.000000
654.000000, 307.000000
656.000000, 311.000000
651.000000, 313.000000
645.000000, 309.000000
644.000000, 304.000000
641.000000, 301.000000
