# Image: frames/w3_full_13_13/w3_full_13_13.jpg
# Number of points: 51
897.000000, 172.000000
895.000000, 173.000000
895.000000, 176.000000
894.000000, 177.000000
892.000000, 179.000000
890.000000, 181.000000
889.000000, 182.000000
889.000000, 185.000000
888.000000, 188.000000
887.000000, 190.000000
886.000000, 193.000000
886.000000, 195.000000
887.000000, 197.000000
886.000000, 199.000000
885.000000, 200.000000
883.000000, 201.000000
882.000000, 202.000000
882.000000, 204.000000
882.000000, 206.000000
882.000000, 207.000000
883.000000, 209.000000
882.000000, 210.000000
882.000000, 212.000000
884.000000, 213.000000
888.000000, 213.000000
890.000000, 212.000000
893.000000, 210.000000
896.000000, 209.000000
898.000000, 208.000000
900.000000, 210.000000
902.000000, 211.000000
904.000000, 210.000000
903.000000, 207.000000
902.000000, 204.000000
901.000000, 201.000000
901.000000, 198.000000
903.000000, 198.000000
906.000000, 197.000000
907.000000, 197.000000
907.000000, 194.000000
907.000000, 191.000000
908.000000, 189.000000
909.000000, 188.000000
910.000000, 187.000000
910.000000, 185.000000
909.000000, 183.000000
907.000000, 181.000000
904.000000, 180.000000
902.000000, 179.000000
899.000000, 177.000000
898.000000, 174.000000
897.000000, 172.000000

