# curveB_main_coast (LineString) - ECEF coordinates
# Converted from KML file
# Format: x, y, z (meters)
# Number of points: 82
-3730897.736407, 3906801.170704, -3379492.079567
-3731293.375316, 3906548.423632, -3379348.417654
-3731643.084435, 3906376.308050, -3379162.480013
-3732008.620653, 3906119.644435, -3379056.207751
-3732281.297233, 3905815.984777, -3379105.714965
-3732637.806611, 3905616.203107, -3378943.928055
-3733172.740544, 3905220.753192, -3378810.916022
-3733634.850598, 3904805.952785, -3378779.917866
-3733923.278545, 3904428.962910, -3378896.061414
-3734054.956168, 3904296.998105, -3378902.986153
-3734138.311479, 3904152.927038, -3378976.839863
-3734089.296300, 3904144.219473, -3379040.636988
-3734125.542356, 3904064.794231, -3379092.002662
-3734208.022597, 3904015.006391, -3379058.602802
-3734330.481126, 3903876.793068, -3379082.790924
-3734467.702141, 3903714.996783, -3379117.825040
-3734553.236098, 3903581.330095, -3379177.309151
-3734658.629002, 3903369.170062, -3379305.045331
-3734671.058766, 3903250.591649, -3379427.446851
-3734722.080778, 3903116.535438, -3379525.233328
-3734728.199733, 3903008.272490, -3379642.711886
-3734642.537615, 3902972.009083, -3379778.335221
-3734455.926287, 3903019.610319, -3379928.548873
-3734485.889001, 3902968.247014, -3379954.579743
-3734593.356395, 3902886.259710, -3379930.672189
-3734970.853364, 3902740.001960, -3379684.079638
-3735066.089797, 3902741.008509, -3379578.378584
-3735177.891580, 3902675.218907, -3379531.106382
-3735297.564089, 3902549.853842, -3379543.523228
-3735562.751463, 3902186.240638, -3379669.424279
-3735790.634637, 3901815.695602, -3379844.167312
-3735894.960425, 3901541.880484, -3380043.594035
-3735850.794630, 3901346.884238, -3380315.640933
-3735678.702876, 3901087.422413, -3380801.960321
-3735631.985801, 3900753.068786, -3381236.416902
-3735509.695510, 3900547.564402, -3381606.084069
-3735118.942555, 3900545.123431, -3382037.588608
-3734864.774210, 3900662.912136, -3382181.460421
-3734704.601802, 3900590.536566, -3382440.048431
-3734646.907851, 3900358.871786, -3382768.664849
-3734594.374790, 3900254.225166, -3382946.118158
-3734563.506170, 3900097.898287, -3383158.982227
-3734633.774773, 3899861.960082, -3383352.087991
-3734667.638100, 3899757.041802, -3383435.081927
-3734639.983998, 3899635.392083, -3383604.671079
-3734664.754487, 3899456.119796, -3383782.734095
-3734640.968613, 3899317.416261, -3383967.574046
-3734592.351416, 3899280.943145, -3384062.614591
-3734531.539144, 3899219.957135, -3384199.073458
-3734386.282669, 3899265.456688, -3384306.215819
-3734318.994950, 3899143.823285, -3384519.160445
-3734347.585335, 3899008.732408, -3384642.411222
-3734389.363831, 3898885.345573, -3384737.807354
-3734313.183916, 3898802.048829, -3384916.594927
-3734402.564515, 3898673.921960, -3384965.235164
-3734450.718017, 3898581.051372, -3385018.713018
-3734450.228419, 3898496.637255, -3385115.817379
-3734465.857213, 3898419.269844, -3385187.193836
-3734534.287032, 3898330.562288, -3385213.679679
-3734648.343284, 3898241.948693, -3385190.055283
-3734738.730145, 3898203.100803, -3385135.439449
-3734787.205699, 3898238.562923, -3385041.750182
-3734889.118061, 3898209.647194, -3384963.134959
-3734955.364431, 3898227.655345, -3384869.927801
-3735031.660408, 3898240.251262, -3384771.892943
-3735170.971459, 3898203.901308, -3384660.774049
-3735246.003518, 3898202.879153, -3384579.693661
-3735474.998494, 3898091.190135, -3384456.430339
-3735600.694459, 3898051.868379, -3384363.608892
-3735786.315055, 3897910.499086, -3384321.824191
-3736078.831032, 3897659.058162, -3384288.729504
-3736264.285211, 3897476.194026, -3384294.551672
-3736382.299333, 3897337.642856, -3384323.623569
-3736802.964016, 3897080.639715, -3384156.247718
-3736847.586378, 3897094.951729, -3384090.933465
-3736933.270653, 3897062.439854, -3384034.138975
-3737102.111034, 3897065.293104, -3383845.666221
-3737170.729628, 3897095.072135, -3383736.322961
-3737325.792012, 3897052.316747, -3383615.116986
-3737515.701891, 3897057.480116, -3383400.839714
-3737657.524539, 3896983.680518, -3383329.652410
-3737938.289535, 3896771.394397, -3383264.419480
