# curveC_st_peter_south (LineString)
# Extracted from KML file
# Format: latitude, longitude, altitude
# Number of points: 38
-32.26339113, 133.55126936, 0.00
-32.26423819, 133.54923129, 0.00
-32.26608864, 133.54852137, 0.00
-32.26708925, 133.54974983, 0.00
-32.27171134, 133.55121231, 0.00
-32.27306884, 133.55033051, 0.00
-32.27861238, 133.54032520, 0.00
-32.28092498, 133.54108250, 0.00
-32.28168945, 133.54180268, 0.00
-32.29467982, 133.54372181, 0.00
-32.29601124, 133.54369719, 0.00
-32.30055144, 133.54509791, 0.00
-32.30236092, 133.54810819, 0.00
-32.30417324, 133.55070056, 0.00
-32.30660526, 133.54930586, 0.00
-32.30853743, 133.54963090, 0.00
-32.30846600, 133.55185513, 0.00
-32.30708045, 133.55282342, 0.00
-32.30902309, 133.55862157, 0.00
-32.31203738, 133.56051116, 0.00
-32.31434033, 133.56052148, 0.00
-32.31648449, 133.56271961, 0.00
-32.31698856, 133.56434907, 0.00
-32.31634027, 133.56687000, 0.00
-32.31717367, 133.56877322, 0.00
-32.31925018, 133.57144744, 0.00
-32.31834805, 133.57518924, 0.00
-32.31677437, 133.57412169, 0.00
-32.31532212, 133.57606320, 0.00
-32.31620540, 133.57717528, 0.00
-32.31371352, 133.58063365, 0.00
-32.31122641, 133.58025847, 0.00
-32.30778752, 133.57886589, 0.00
-32.30682606, 133.58058224, 0.00
-32.30609195, 133.58699449, 0.00
-32.30461770, 133.59496857, 0.00
-32.30516717, 133.59733351, 0.00
-32.30841434, 133.59969780, 0.00
