# curveC_st_peter_south (LineString) - ECEF coordinates
# Converted from KML file
# Format: x, y, z (meters)
# Number of points: 38
-3719601.192618, 3912624.059204, -3385164.890574
-3719427.467586, 3912720.024012, -3385244.319095
-3719303.515349, 3912686.712979, -3385417.832723
-3719346.591671, 3912564.035176, -3385511.656394
-3719257.912569, 3912270.765793, -3385945.042484
-3719142.321662, 3912269.750955, -3386072.322579
-3718232.953172, 3912681.192687, -3386592.070728
-3718190.322016, 3912532.769516, -3386808.884850
-3718208.310330, 3912453.215012, -3386880.555211
-3717809.243784, 3911770.901174, -3388098.335894
-3717753.219174, 3911715.319443, -3388223.140728
-3717663.514307, 3911429.437023, -3388648.714002
-3717795.138530, 3911156.390752, -3388818.319314
-3717898.098564, 3910910.334711, -3388988.186684
-3717703.593904, 3910896.370133, -3389216.134134
-3717646.881182, 3910792.281452, -3389397.226498
-3717801.613142, 3910651.027224, -3389390.531536
-3717924.283465, 3910647.711423, -3389260.671424
-3718240.668581, 3910188.012596, -3389442.744456
-3718246.501160, 3909935.914545, -3389725.250643
-3718153.132164, 3909836.322116, -3389941.080979
-3718215.532905, 3909601.568930, -3390142.025568
-3718306.123568, 3909474.170872, -3390189.264704
-3718504.618724, 3909338.413933, -3390128.509941
-3718600.422500, 3909179.095010, -3390206.613165
-3718698.023350, 3908916.336176, -3390401.211393
-3718990.160803, 3908712.219462, -3390316.669432
-3718981.639353, 3908849.101802, -3390169.192608
-3719173.435822, 3908785.450114, -3390033.092374
-3719213.207643, 3908675.328616, -3390115.870756
-3719550.962112, 3908557.837757, -3389882.338039
-3719626.999208, 3908688.991222, -3389649.244896
-3719672.505534, 3908927.053127, -3389326.941548
-3719828.882462, 3908856.903756, -3389236.828503
-3720296.314708, 3908472.089320, -3389168.023209
-3720900.483118, 3908017.559709, -3389029.845206
-3721039.332113, 3907840.389782, -3389081.345765
-3721067.868888, 3907547.471890, -3389385.690344
