# curveA_island_1 (Polygon)
# Extracted from KML file
# Format: latitude, longitude, altitude
# Number of points: 28
-32.38549248, 133.48249078, 0.00
-32.38316623, 133.48334223, 0.00
-32.38107059, 133.48530972, 0.00
-32.37891082, 133.48481131, 0.00
-32.37650661, 133.48587590, 0.00
-32.37356825, 133.48471102, 0.00
-32.37154898, 133.48705046, 0.00
-32.36978495, 133.48684688, 0.00
-32.36893933, 133.48494478, 0.00
-32.36797917, 133.48632810, 0.00
-32.36747925, 133.48622811, 0.00
-32.36770006, 133.48348469, 0.00
-32.36763376, 133.48239162, 0.00
-32.36898941, 133.48124404, 0.00
-32.37037007, 133.47879125, 0.00
-32.37039877, 133.47728835, 0.00
-32.37149603, 133.47660887, 0.00
-32.37260330, 133.47813303, 0.00
-32.37490623, 133.47818324, 0.00
-32.37552435, 133.47732522, 0.00
-32.37575955, 133.47576167, 0.00
-32.37662011, 133.47538133, 0.00
-32.37747901, 133.47664584, 0.00
-32.38097549, 133.47492926, 0.00
-32.38278156, 133.47799048, 0.00
-32.38250838, 133.48034968, 0.00
-32.38395281, 133.48124853, 0.00
-32.38549248, 133.48249078, 0.00
