# curveB_main_coast (LineString)
# Extracted from KML file
# Format: latitude, longitude, altitude
# Number of points: 82
-32.20291399, 133.68065721, 0.00
-32.20138294, 133.68554323, 0.00
-32.19940139, 133.68948614, 0.00
-32.19826885, 133.69416967, 0.00
-32.19879645, 133.69848542, 0.00
-32.19707231, 133.70268280, 0.00
-32.19565485, 133.70968176, 0.00
-32.19532452, 133.71626412, 0.00
-32.19656221, 133.72123808, 0.00
-32.19663601, 133.72321465, 0.00
-32.19742305, 133.72490961, 0.00
-32.19810292, 133.72459778, 0.00
-32.19865032, 133.72545781, 0.00
-32.19829438, 133.72645495, 0.00
-32.19855215, 133.72840671, 0.00
-32.19892550, 133.73064451, 0.00
-32.19955942, 133.73228000, 0.00
-32.20092072, 133.73464321, 0.00
-32.20222518, 133.73560790, 0.00
-32.20326732, 133.73698186, 0.00
-32.20451935, 133.73782262, 0.00
-32.20596478, 133.73743208, 0.00
-32.20756573, 133.73565291, 0.00
-32.20784316, 133.73625918, 0.00
-32.20758836, 133.73768397, 0.00
-32.20496023, 133.74164933, 0.00
-32.20383372, 133.74237171, 0.00
-32.20332991, 133.74371086, 0.00
-32.20346225, 133.74554720, 0.00
-32.20480404, 133.75024584, 0.00
-32.20666640, 133.75470966, 0.00
-32.20879188, 133.75751750, 0.00
-32.21169142, 133.75860963, 0.00
-32.21687495, 133.75919470, 0.00
-32.22150593, 133.76128992, 0.00
-32.22544650, 133.76186086, 0.00
-32.23004644, 133.75888470, 0.00
-32.23158020, 133.75607275, 0.00
-32.23433697, 133.75537635, 0.00
-32.23784042, 133.75663412, 0.00
-32.23973235, 133.75699943, 0.00
-32.24200186, 133.75791005, 0.00
-32.24406075, 133.76018006, 0.00
-32.24494565, 133.76120958, 0.00
-32.24675387, 133.76189048, 0.00
-32.24865248, 133.76339610, 0.00
-32.25062338, 133.76423189, 0.00
-32.25163680, 133.76412701, 0.00
-32.25309187, 133.76410861, 0.00
-32.25423436, 133.76266137, 0.00
-32.25650508, 133.76303848, 0.00
-32.25781939, 133.76424924, 0.00
-32.25883667, 133.76547520, 0.00
-32.26074325, 133.76550281, 0.00
-32.26126196, 133.76712845, 0.00
-32.26183225, 133.76817931, 0.00
-32.26286780, 133.76879529, 0.00
-32.26362898, 133.76948309, 0.00
-32.26391144, 133.77065882, 0.00
-32.26365950, 133.77218354, 0.00
-32.26307706, 133.77316147, 0.00
-32.26207793, 133.77327260, 0.00
-32.26123956, 133.77426590, 0.00
-32.26024559, 133.77464134, 0.00
-32.25920015, 133.77513353, 0.00
-32.25801520, 133.77646795, 0.00
-32.25715058, 133.77705040, 0.00
-32.25583616, 133.77962512, 0.00
-32.25484636, 133.78087693, 0.00
-32.25440080, 133.78333716, 0.00
-32.25404790, 133.78742459, 0.00
-32.25410998, 133.79018821, 0.00
-32.25441998, 133.79210978, 0.00
-32.25263521, 133.79721963, 0.00
-32.25193876, 133.79745630, 0.00
-32.25133316, 133.79835139, 0.00
-32.24932350, 133.79962362, 0.00
-32.24815761, 133.79993045, 0.00
-32.24686525, 133.80143207, 0.00
-32.24458055, 133.80284856, 0.00
-32.24382154, 133.80447670, 0.00
-32.24312602, 133.80818599, 0.00
