# curveA_island_1 (Polygon) - ECEF coordinates
# Converted from KML file
# Format: x, y, z (meters)
# Number of points: 28
-3709919.615211, 3911833.005675, -3396606.751299
-3710072.825159, 3911878.123342, -3396388.904711
-3710292.803660, 3911841.022836, -3396192.650500
-3710347.040149, 3911966.359337, -3395990.385744
-3710517.976809, 3912001.004670, -3395765.222250
-3710558.508984, 3912203.034659, -3395490.027080
-3710800.754425, 3912138.513013, -3395300.903964
-3710858.930145, 3912227.685273, -3395135.684003
-3710763.599399, 3912387.301251, -3395056.481494
-3710897.284913, 3912339.067360, -3394966.550110
-3710910.881869, 3912367.075957, -3394919.726004
-3710714.526006, 3912535.245383, -3394940.407422
-3710642.591810, 3912608.892132, -3394934.197749
-3710508.844276, 3912624.814653, -3395061.171736
-3710284.942159, 3912724.175001, -3395190.487147
-3710181.135288, 3912820.260384, -3395193.175055
-3710089.907538, 3912816.986044, -3395295.944564
-3710148.756740, 3912670.584523, -3395399.651455
-3710058.097579, 3912568.109714, -3395615.337629
-3709974.250845, 3912597.034122, -3395673.229075
-3709857.869103, 3912688.139597, -3395695.256807
-3709796.736182, 3912675.684240, -3395775.852587
-3709847.994349, 3912556.797649, -3395856.292151
-3709587.908092, 3912517.262959, -3396183.744005
-3709723.137190, 3912241.226173, -3396352.881353
-3709895.388093, 3912100.244671, -3396327.298313
-3709897.727531, 3911979.795856, -3396462.566804
-3709919.615211, 3911833.005675, -3396606.751299
